.Random.seed <-
c(403L, 10L, -10079652L, 1268297567L, -672759499L, 526901452L, 
-910972382L, -1641855875L, 334323063L, -1904553314L, 242352472L, 
-1064724293L, -480352679L, 947049960L, -918138858L, 1417157521L, 
-1465457597L, 374627154L, -1179533340L, -1501848025L, -1058933123L, 
1005954932L, -1001907366L, 11759013L, 490555839L, -1988369850L, 
-1404014384L, -1454961933L, -1033884655L, 79829568L, 1942814238L, 
-1376708375L, -479200741L, 1741859370L, 1897512268L, 1692851983L, 
-167460283L, 1417307132L, 664476242L, 975849421L, -1669647993L, 
-154074002L, 1895930952L, -1195932085L, 1271364521L, -1554451720L, 
-1217931738L, -1187213503L, -1561324333L, -1173391230L, -1364560204L, 
-1603751369L, 1068120365L, -1157555644L, 2043471722L, -78515243L, 
65701231L, 751698038L, 67201952L, 795184227L, -684623615L, -273615760L, 
-547409906L, 753463417L, -1485672437L, -1369833158L, 1540399164L, 
7538559L, 79764693L, -1337360148L, 2139781698L, -1494393443L, 
79079447L, -2111459970L, 1080038200L, -176583653L, -556386951L, 
1519608776L, 1954615286L, 471822897L, -2016328605L, 1236708402L, 
-619402876L, 448532423L, -444710243L, -1146428908L, 1789038778L, 
-2015511291L, -727152929L, -549827738L, 911305456L, 115735059L, 
1951290289L, -424690080L, -395940866L, -457813111L, 387396795L, 
-1729367926L, 1312691052L, -475293457L, 343552805L, -1419215396L, 
-1960121422L, -1689218387L, 720185959L, -1901823602L, -646017432L, 
1501993579L, 1199977481L, 265906840L, -419672634L, 1102761249L, 
1657068979L, -52111070L, 1994855188L, -1038709865L, 539300749L, 
1906511524L, -1978982262L, -1003534603L, 1246640463L, -1024641450L, 
-68514560L, 886020163L, -1510278175L, 2011816784L, 1384158638L, 
782990169L, -1618857621L, 1902360794L, -564891236L, -2051334753L, 
-2113220619L, 229195404L, 1703828322L, -1532513475L, 1058079671L, 
2033535070L, -1685723752L, -1335897861L, 1419791513L, -906375896L, 
-1237091370L, -1397981103L, 388002563L, 1377075858L, 1924263972L, 
-286777625L, -1503513795L, -523482188L, -1121929190L, -1943024795L, 
1705334271L, 1799805062L, 1971553296L, 1031861939L, 946546001L, 
-1096532736L, 1367984094L, 441074729L, -368614437L, -1159956246L, 
-879339892L, 1732086223L, -2056225403L, 892560956L, -74159342L, 
192514061L, 227343175L, 46838062L, -1557038968L, -1238164085L, 
1172497769L, -1158314184L, -2140534298L, 864923009L, -2083127021L, 
1198857922L, 770447732L, 945308023L, -438119827L, 2121587972L, 
919681066L, -2055629419L, 908638767L, 1365313334L, 1513912160L, 
-435282525L, 1855624897L, -2117669200L, 305547726L, -1192223431L, 
-738930357L, -1350749446L, 1789273084L, 513754175L, 1247657237L, 
912500268L, 1230310146L, -1578428451L, -583089449L, 1134747070L, 
-2123376648L, 1324274651L, -807178695L, 62158728L, 1525516086L, 
1862612337L, -1118556253L, 200349426L, 344710724L, -2061991673L, 
-1515013923L, -580702764L, -83975942L, 1045739589L, -220446561L, 
-1563825626L, -1482400080L, 1312883539L, 1862790769L, 879874976L, 
1855845182L, -1269278135L, 1605398267L, -6361398L, -1530957780L, 
-172423121L, -1263486747L, -1411904460L, -780443960L, -1055198022L, 
-371313008L, -1871384852L, 1089829460L, 2057052818L, 1681221920L, 
950768076L, 1353016032L, -687701822L, -305140696L, -1489848404L, 
-965956932L, -1142965262L, -287148496L, -388640860L, 135400888L, 
-1439303846L, -1308102512L, -106124420L, -2071781100L, 1524566338L, 
503623936L, -1132855876L, 716112208L, -392701662L, -1459660216L, 
965259276L, 172148316L, -1938642478L, -1252239872L, 678438228L, 
-208769816L, -1874841350L, -717502768L, 420244268L, -1566199564L, 
-1013253742L, 1758657888L, 832232460L, 2137447648L, 605704802L, 
1129612456L, -636478388L, 1755989884L, -1994598094L, 1676771952L, 
-8305852L, 1579639768L, 1256387450L, 99538992L, 1578758076L, 
1572450900L, 120262722L, -1929245024L, 893207228L, -1842189360L, 
-670597790L, 107335400L, -185865012L, -30612996L, -551862798L, 
605070464L, 129395188L, -1725101432L, 1861753658L, 339758416L, 
1433963628L, 1322816916L, 1116045394L, 1667948000L, 907662540L, 
2060566176L, -648400510L, -1346344728L, 511707884L, -1338333892L, 
-1935339406L, -1195167120L, -315786716L, -333895624L, -1330550502L, 
1157686480L, 470034748L, 1788957588L, -589265022L, 220539840L, 
510719548L, -348020336L, 1434908706L, 375248136L, -559437684L, 
1312206620L, 1800950930L, 846747008L, 1193263124L, 568870696L, 
190744122L, 819352016L, -2077279892L, 610599860L, 832342546L, 
1211410400L, -534795828L, -1980090144L, 246631458L, -641223896L, 
-2025793012L, -1221151940L, 945762290L, 159589104L, 807098948L, 
705822296L, 2073442106L, -995946512L, -275848516L, 1141421332L, 
1590672578L, 518560864L, -1422957188L, -1912447024L, -964619998L, 
-1324829016L, 110598028L, -1274436420L, -640042190L, -1345960384L, 
-548223820L, 1107932232L, -1520880198L, -1461323248L, 1433558252L, 
812466516L, 465056530L, -1012617824L, -1145521460L, 654834272L, 
1007013826L, 660714280L, -1642726996L, 29662524L, 282057586L, 
-436949712L, 1299146532L, 1040794936L, -635271462L, 120692624L, 
-121726212L, 1063967636L, 1423930434L, -2045840128L, 1217824828L, 
-1557349040L, 57730210L, 1739205448L, 334061324L, -458359076L, 
-1038176430L, 457209472L, -803784620L, -164920344L, -1906136326L, 
-960703152L, -1768554708L, -1585847436L, 560538514L, -1557892512L, 
-724887668L, 1426700128L, 2051720162L, 165403560L, -1492071220L, 
-1258808836L, -2077395022L, -1099397648L, 2124457412L, -135726760L, 
-1222570630L, -1086800464L, 147514300L, 511332436L, 454389698L, 
-64495584L, 1858564284L, 1262606928L, 1542367202L, 2103672424L, 
75288140L, 199930108L, -354224142L, 186180864L, 257434484L, -714956792L, 
1928393146L, -751739440L, 2081911788L, 128928660L, -1743954990L, 
-1196316832L, -2098495156L, -135073504L, -2115367038L, -2088237336L, 
1144576236L, -795322820L, -400592014L, -1357293968L, 1027171364L, 
1843801912L, -986048358L, 431582928L, -1227600708L, -472428L, 
-385555838L, 1427312832L, -1849195204L, -1394517872L, 1784075810L, 
-146787832L, 337460492L, 1553941148L, 158135826L, 1036327296L, 
-950593004L, 1409834536L, -253763270L, 1011545720L, -1064178858L, 
567816675L, -314554459L, 648611394L, 2066902064L, -1285517223L, 
497049035L, -2068484548L, 884420714L, 762129055L, -1650149591L, 
1789782974L, -1492108628L, 1459038205L, -1573351609L, 312913968L, 
182802766L, 929612155L, -447645987L, 2076995338L, -1313298904L, 
-300749167L, 494560899L, 813070212L, 83914162L, 897368839L, -871990959L, 
-975019818L, 82734516L, 1704094149L, -570906353L, -1654941816L, 
-1834473818L, 1324742227L, -586569803L, -1062484718L, -318038304L, 
22946633L, 650468731L, -189401012L, 498811354L, -188859441L, 
1555297689L, 1029606830L, 666663612L, 1671846701L, 1190619351L, 
1301451040L, 361395838L, -357334965L, 976050765L, -121796486L, 
114800824L, -960816543L, -473235437L, -683200972L, -558888894L, 
1174792279L, 177343393L, 290843750L, -1415961500L, 921665429L, 
562731199L, -1821464488L, -1911800714L, -611236733L, 1723540677L, 
-852155934L, 1795131472L, -703268487L, 1580629675L, -707398116L, 
1714585930L, 1819382079L, -544475255L, -460376162L, -858692020L, 
277188637L, -1533328985L, 279471312L, -1990130066L, 1616159003L, 
2116776573L, -365434774L, 575026440L, 1308041649L, 1725888035L, 
-408915164L, -689695790L, -1250865113L, 674867825L, 398663862L, 
272898132L, -568096539L, 1407403247L, -999692248L, 1609514118L, 
-626665805L, 1590941717L, 823450226L, 813262528L, -640935127L, 
1459919259L, 1381916268L, -1607138694L, -1405205585L, -303802695L, 
649091278L, -597716452L, -1683375731L, 93894647L, -994223360L, 
1335189854L, -2066603477L, -247870163L, 2100695450L, 1469787992L, 
-1047304511L, 1527503219L, 884249236L, -1949890782L, 1660363319L, 
-540809471L, -1040065018L, -263904188L, 1410782581L, -952813345L, 
559090744L, 873245718L, 1627311139L, -1061602331L, -2039534078L, 
1557616L, -759959015L, -1292182517L, 614579964L, 1347057450L, 
